  0.033378114755827283  0.016489699814014415  0.008258282272302112  0.002635344748928952 -0.001191116158988410 -0.004574153577861366 -0.006745361946378064 -0.008941359526627194 -0.010924160281125767 -0.012479218337950225 -0.014370506952291464 -0.016664776020350842 -0.016719855988759576 -0.018038494632361853 -0.019799174062707047 -0.021995605636126458
  0.016489699814014415  0.010495243393955179  0.006405388259164537  0.003155219587194038  0.000489574615186876 -0.001947049878544652 -0.003831044662193752 -0.005745651737962070 -0.007500654917785328 -0.009075462412504162 -0.010782124225600808 -0.012897553355450894 -0.013837530951955158 -0.015848200501849943 -0.017054213731190628 -0.019283855477058128
  0.008258282272302112  0.006405388259164537  0.004555414976587327  0.002791071177336991  0.001058834143877766 -0.000596136289207935 -0.002042659783755404 -0.003529109328846861 -0.004982356518588724 -0.006396741676671054 -0.007896859564383046 -0.009655920544398310 -0.010931554424323598 -0.012737867085236049 -0.013945073977719600 -0.015766985236955980
  0.002635344748928952  0.003155219587194038  0.002791071177336991  0.002190930160445743  0.001251077943990213  0.000274260723096146 -0.000725809418845504 -0.001754064071980120 -0.002855403362165994 -0.003979889950781998 -0.005208275568736116 -0.006526752047422282 -0.007811240989252722 -0.009189349142254926 -0.010465562735172190 -0.011783624738895038
 -0.001191116158988410  0.000489574615186876  0.001058834143877766  0.001251077943990213  0.001084165823374199  0.000765249132546511  0.000276969235565308 -0.000248567499104127 -0.000899022004881886 -0.001617436824058815 -0.002382716551267789 -0.003218414149183867 -0.004315207561929316 -0.005149529521290366 -0.006130382330802456 -0.007037653953766475
 -0.004574153577861366 -0.001947049878544652 -0.000596136289207935  0.000274260723096146  0.000765249132546511  0.001128208108305383  0.001162812244379275  0.001134076195882379  0.000978098386633711  0.000698626583662279  0.000408961989938756  0.000143475985616879 -0.000616233659072713 -0.001002723274603903 -0.001528275221969591 -0.001848354469776710
 -0.006745361946378064 -0.003831044662193752 -0.002042659783755404 -0.000725809418845504  0.000276969235565308  0.001162812244379275  0.001736644953835491  0.002218929133542109  0.002574207696049875  0.002785972629602684  0.003025654852538370  0.003334297844974568  0.003086506120730576  0.003249314630949109  0.003212971922610700  0.003520004032963274
 -0.008941359526627194 -0.005745651737962070 -0.003529109328846861 -0.001754064071980120 -0.000248567499104127  0.001134076195882379  0.002218929133542109  0.003308915370245393  0.004195294804751964  0.004970014364672817  0.005783790697046048  0.006712900607195004  0.007092099149122295  0.008009744451304349  0.008535096755282384  0.009477174384891610
 -0.010924160281125767 -0.007500654917785328 -0.004982356518588724 -0.002855403362165994 -0.000899022004881886  0.000978098386633711  0.002574207696049875  0.004195294804751964  0.005796313264904652  0.007213240452706292  0.008724848776775193  0.010442106143139033  0.011553153487812705  0.013103089309817975  0.014452591035767473  0.016228265491814425
 -0.012479218337950225 -0.009075462412504162 -0.006396741676671054 -0.003979889950781998 -0.001617436824058815  0.000698626583662279  0.002785972629602684  0.004970014364672817  0.007213240452706292  0.009404662529201387  0.011696370951390901  0.014224040720223648  0.016166365658729275  0.018602170220739147  0.020796237389280835  0.023410555905330692
 -0.014370506952291464 -0.010782124225600808 -0.007896859564383046 -0.005208275568736116 -0.002382716551267789  0.000408961989938756  0.003025654852538370  0.005783790697046048  0.008724848776775193  0.011696370951390901  0.014982357960589858  0.018439641032912846  0.021296519319500253  0.024705373004013095  0.028017012207421334  0.031446695199005816
 -0.016664776020350842 -0.012897553355450894 -0.009655920544398310 -0.006526752047422282 -0.003218414149183867  0.000143475985616879  0.003334297844974568  0.006712900607195004  0.010442106143139033  0.014224040720223648  0.018439641032912846  0.023464975213739671  0.027490500065690756  0.031999617568092789  0.036262824411179874  0.041346576373131667
 -0.016719855988759576 -0.013837530951955158 -0.010931554424323598 -0.007811240989252722 -0.004315207561929316 -0.000616233659072713  0.003086506120730576  0.007092099149122295  0.011553153487812705  0.016166365658729275  0.021296519319500253  0.027490500065690756  0.033335621997092814  0.038920400105777311  0.044417851378534226  0.050739713826286274
 -0.018038494632361853 -0.015848200501849943 -0.012737867085236049 -0.009189349142254926 -0.005149529521290366 -0.001002723274603903  0.003249314630949109  0.008009744451304349  0.013103089309817975  0.018602170220739147  0.024705373004013095  0.031999617568092789  0.038920400105777311  0.047048199892506692  0.053156210024303714  0.060826111184354860
 -0.019799174062707047 -0.017054213731190628 -0.013945073977719600 -0.010465562735172190 -0.006130382330802456 -0.001528275221969591  0.003212971922610700  0.008535096755282384  0.014452591035767473  0.020796237389280835  0.028017012207421334  0.036262824411179874  0.044417851378534226  0.053156210024303714  0.062308049915538712  0.071061910043325086
 -0.021995605636126458 -0.019283855477058128 -0.015766985236955980 -0.011783624738895038 -0.007037653953766475 -0.001848354469776710  0.003520004032963274  0.009477174384891610  0.016228265491814425  0.023410555905330692  0.031446695199005816  0.041346576373131667  0.050739713826286274  0.060826111184354860  0.071061910043325086  0.082953735935178352
