# Enu/GeV nus/cm^2/POT/GeV
0.000000000000000000e+00 0.000000000000000000e+00 0.000000000000000000e+00 0.000000000000000000e+00 0.000000000000000000e+00 0.000000000000000000e+00 0.000000000000000000e+00
2.500000000000000139e-02 0.000000000000000000e+00 1.512698068225597128e-09 0.000000000000000000e+00 0.000000000000000000e+00 0.000000000000000000e+00 0.000000000000000000e+00
5.000000000000000278e-02 0.000000000000000000e+00 3.873262656040988873e-09 0.000000000000000000e+00 0.000000000000000000e+00 0.000000000000000000e+00 0.000000000000000000e+00
7.500000000000001110e-02 5.764439413563735211e-11 5.546843311008839719e-09 0.000000000000000000e+00 9.494144799141022328e-12 3.682507188710150003e-09 0.000000000000000000e+00
1.000000000000000056e-01 7.222460418374160899e-11 6.208292128351192517e-09 0.000000000000000000e+00 9.389839745793675676e-12 2.986564488293176931e-09 0.000000000000000000e+00
1.250000000000000000e-01 7.831802272261260397e-11 6.881931727208913206e-09 0.000000000000000000e+00 9.279911931508480906e-12 2.298526646535196106e-09 0.000000000000000000e+00
1.500000000000000222e-01 7.743855535922252191e-11 7.567782095380317406e-09 0.000000000000000000e+00 8.452935265229243474e-12 1.869871872230883915e-09 0.000000000000000000e+00
1.750000000000000167e-01 7.864640149980680310e-11 8.176409876538525600e-09 0.000000000000000000e+00 7.711285988201780010e-12 1.460878712011995107e-09 0.000000000000000000e+00
2.000000000000000111e-01 8.100810175786687973e-11 8.957954875855296451e-09 0.000000000000000000e+00 7.065539982347383513e-12 1.353571323393939421e-09 0.000000000000000000e+00
2.250000000000000056e-01 8.162095458780544503e-11 1.060076342398750731e-08 0.000000000000000000e+00 6.419793976492987824e-12 1.245781089823028750e-09 0.000000000000000000e+00
2.500000000000000000e-01 8.130221808243839074e-11 1.117052533638389870e-08 0.000000000000000000e+00 5.608718165454354828e-12 1.128050541475742919e-09 0.000000000000000000e+00
2.750000000000000222e-01 8.203351215823189458e-11 1.174624834866264782e-08 0.000000000000000000e+00 5.722601459744576064e-12 1.011268547513747489e-09 0.000000000000000000e+00
3.000000000000000444e-01 8.354311718080776144e-11 1.235687682810800403e-08 0.000000000000000000e+00 6.525605904582535918e-12 1.011398952995262273e-09 0.000000000000000000e+00
3.250000000000000111e-01 8.134205705820926065e-11 1.294677729999947578e-08 0.000000000000000000e+00 6.817033465322174716e-12 1.002024376979288283e-09 0.000000000000000000e+00
3.500000000000000333e-01 7.648421857223679691e-11 1.347138791242703368e-08 0.000000000000000000e+00 6.588979387450954118e-12 9.325842548810426714e-10 0.000000000000000000e+00
3.750000000000000000e-01 7.762392002350348438e-11 1.399375092409838789e-08 0.000000000000000000e+00 7.186873557663119618e-12 8.655404669484307516e-10 0.000000000000000000e+00
4.000000000000000222e-01 8.243848530946943740e-11 1.451167326692972568e-08 0.000000000000000000e+00 8.355880528830912559e-12 8.422935985999437742e-10 0.000000000000000000e+00
4.250000000000000444e-01 8.330498085559014839e-11 1.501437151598502276e-08 0.000000000000000000e+00 9.184536510293145503e-12 8.185279900972057219e-10 0.000000000000000000e+00
4.500000000000000111e-01 7.804378083882341927e-11 1.549698100992658455e-08 0.000000000000000000e+00 7.230487737848676548e-12 7.804618205459210606e-10 0.000000000000000000e+00
4.750000000000000333e-01 7.676769490712598732e-11 1.583724698234970690e-08 0.000000000000000000e+00 6.603929107963567447e-12 7.423956509946362960e-10 0.000000000000000000e+00
5.000000000000000000e-01 7.609833760189428003e-11 1.604933279782882016e-08 0.000000000000000000e+00 6.560791213197495263e-12 6.827133091881319206e-10 0.000000000000000000e+00
5.250000000000000222e-01 7.550050076162984687e-11 1.623198068105098441e-08 0.000000000000000000e+00 6.355767778311731498e-12 6.386332201679849440e-10 0.000000000000000000e+00
5.500000000000000444e-01 7.493285958197313944e-11 1.639667662509936367e-08 0.000000000000000000e+00 5.879895346888057031e-12 6.247214643216689890e-10 0.000000000000000000e+00
5.750000000000000666e-01 7.225589924673186825e-11 1.640097531354969107e-08 0.000000000000000000e+00 5.343693649243583628e-12 6.108097084753531374e-10 0.000000000000000000e+00
6.000000000000000888e-01 6.701974833979667233e-11 1.634171096135824334e-08 0.000000000000000000e+00 4.702639336417841231e-12 6.050437451002299359e-10 0.000000000000000000e+00
6.250000000000000000e-01 6.276252422260131582e-11 1.620495372820735055e-08 0.000000000000000000e+00 4.167172672618501612e-12 5.998694541918163859e-10 0.000000000000000000e+00
6.500000000000000222e-01 6.093621872400531440e-11 1.605015473160232228e-08 0.000000000000000000e+00 4.079286376918662805e-12 5.498495035042206576e-10 0.000000000000000000e+00
6.750000000000000444e-01 6.099855964138405760e-11 1.581994780986434912e-08 0.000000000000000000e+00 4.202661584915806477e-12 4.862484232508231615e-10 0.000000000000000000e+00
7.000000000000000666e-01 6.198795042738093526e-11 1.558179144638764340e-08 0.000000000000000000e+00 4.749869058814813940e-12 4.753303150400547825e-10 0.000000000000000000e+00
7.250000000000000888e-01 6.081284744794838070e-11 1.521312215314533479e-08 0.000000000000000000e+00 5.405442440163831191e-12 4.672329219732908730e-10 0.000000000000000000e+00
7.500000000000000000e-01 5.963057450354353573e-11 1.483983613508488709e-08 0.000000000000000000e+00 6.094157852348170602e-12 4.538639430778410352e-10 0.000000000000000000e+00
7.750000000000000222e-01 5.785780021144145017e-11 1.442304524069821327e-08 0.000000000000000000e+00 5.549185305950744818e-12 4.357193453495130691e-10 0.000000000000000000e+00
8.000000000000000444e-01 5.564354409718924205e-11 1.399659863018654260e-08 0.000000000000000000e+00 4.081859559102030787e-12 4.173860608454544988e-10 0.000000000000000000e+00
8.250000000000000666e-01 5.211441671454387253e-11 1.352921059164094208e-08 0.000000000000000000e+00 3.133264108929237264e-12 3.973580608200472167e-10 0.000000000000000000e+00
8.500000000000000888e-01 4.855702865378795767e-11 1.302556119321646655e-08 0.000000000000000000e+00 3.282519082107584455e-12 3.773300607946399345e-10 0.000000000000000000e+00
8.750000000000000000e-01 4.609152811114381529e-11 1.243125961854129543e-08 0.000000000000000000e+00 3.615959499239963983e-12 3.607033081061926997e-10 0.000000000000000000e+00
9.000000000000000222e-01 4.396654560632182536e-11 1.187759083115575692e-08 0.000000000000000000e+00 4.241077632795304635e-12 3.457090757335211782e-10 0.000000000000000000e+00
9.250000000000000444e-01 4.275606048819073030e-11 1.139005896182490868e-08 0.000000000000000000e+00 4.057279243036929137e-12 3.284981837288362252e-10 0.000000000000000000e+00
9.500000000000000666e-01 4.188824175700286406e-11 1.084764730490088697e-08 0.000000000000000000e+00 3.004470799048434605e-12 3.046792604667721656e-10 0.000000000000000000e+00
9.750000000000000888e-01 4.073958730186446888e-11 1.024468254627116639e-08 0.000000000000000000e+00 2.679127548417184965e-12 2.808603372047081060e-10 0.000000000000000000e+00
1.000000000000000000e+00 3.953544050007506795e-11 9.665534729036793255e-09 0.000000000000000000e+00 3.603808714044142875e-12 2.670748593724358819e-10 0.000000000000000000e+00
1.025000000000000133e+00 3.762046647045586425e-11 9.104335988303288512e-09 0.000000000000000000e+00 3.927297081084719548e-12 2.553928182773425388e-10 0.000000000000000000e+00
1.050000000000000044e+00 3.581846286124432011e-11 8.532685629551303738e-09 0.000000000000000000e+00 4.088675132790769010e-12 2.414585336773974990e-10 0.000000000000000000e+00
1.074999999999999956e+00 3.469668006749940164e-11 7.955771625722647133e-09 0.000000000000000000e+00 4.089553826842114931e-12 2.241765825270976063e-10 0.000000000000000000e+00
1.100000000000000089e+00 3.367979272381544765e-11 7.497995572714043565e-09 0.000000000000000000e+00 3.670532889152679967e-12 2.068946313767975585e-10 0.000000000000000000e+00
1.125000000000000000e+00 3.368413556842536227e-11 7.077872728549353553e-09 0.000000000000000000e+00 3.403806417382755231e-12 1.935144041721068900e-10 0.000000000000000000e+00
1.150000000000000133e+00 3.308948845378251530e-11 6.636016032393106613e-09 0.000000000000000000e+00 3.196916272229814481e-12 1.802231911801863678e-10 0.000000000000000000e+00
1.175000000000000044e+00 3.231129411189887364e-11 6.190463758603673572e-09 0.000000000000000000e+00 3.098163928479401195e-12 1.713579092498493788e-10 0.000000000000000000e+00
1.200000000000000178e+00 3.111809949216594344e-11 5.705776168942897316e-09 0.000000000000000000e+00 3.552482653528574920e-12 1.660673352011184398e-10 0.000000000000000000e+00
1.225000000000000089e+00 2.936922873230212197e-11 5.224886828839493187e-09 0.000000000000000000e+00 3.568691636858839251e-12 1.599779157207272415e-10 0.000000000000000000e+00
1.250000000000000000e+00 2.902212479638794044e-11 4.871139595975160069e-09 0.000000000000000000e+00 2.698378681392941399e-12 1.484802678777510938e-10 0.000000000000000000e+00
1.275000000000000133e+00 2.928800125428701006e-11 4.516715907142203760e-09 0.000000000000000000e+00 2.770843151295080229e-12 1.369826200347748428e-10 0.000000000000000000e+00
1.300000000000000044e+00 2.928161614938190745e-11 4.158101818474094738e-09 0.000000000000000000e+00 3.086077919125725309e-12 1.277750532010021789e-10 0.000000000000000000e+00
1.325000000000000178e+00 2.677148887546900415e-11 3.814864344916575130e-09 0.000000000000000000e+00 3.108960953977874665e-12 1.195294319225979004e-10 0.000000000000000000e+00
1.350000000000000089e+00 2.460493395646874718e-11 3.522035606376266551e-09 0.000000000000000000e+00 2.918870377911911507e-12 1.125015218926757960e-10 0.000000000000000000e+00
1.375000000000000000e+00 2.336690865925856784e-11 3.252970095447800735e-09 0.000000000000000000e+00 2.824252383293393161e-12 1.086094779314104254e-10 0.000000000000000000e+00
1.400000000000000133e+00 2.212888336204837558e-11 3.032480918264912792e-09 0.000000000000000000e+00 2.775901013912321327e-12 1.047174339701450160e-10 0.000000000000000000e+00
1.425000000000000044e+00 2.161613326350669069e-11 2.811144021791439107e-09 0.000000000000000000e+00 2.465851161149637650e-12 1.009866582208559713e-10 0.000000000000000000e+00
1.450000000000000178e+00 2.165821290331187458e-11 2.588652105781798505e-09 0.000000000000000000e+00 2.079436156483847226e-12 9.728318670576761387e-11 0.000000000000000000e+00
1.475000000000000089e+00 2.218947684089419213e-11 2.378972433610952713e-09 0.000000000000000000e+00 1.756208142122849488e-12 9.381327283037453675e-11 0.000000000000000000e+00
1.500000000000000000e+00 2.278539601243935323e-11 2.181213012993096929e-09 0.000000000000000000e+00 1.432980127761851749e-12 9.065206577216936801e-11 0.000000000000000000e+00
1.525000000000000133e+00 2.226080728176025713e-11 2.008903478124650602e-09 0.000000000000000000e+00 1.972392183688611736e-12 8.686194941160516822e-11 0.000000000000000000e+00
1.550000000000000044e+00 2.173621855108116103e-11 1.852676203612826391e-09 0.000000000000000000e+00 2.747351328451890894e-12 7.692364403402928090e-11 0.000000000000000000e+00
1.575000000000000178e+00 2.044108528815537039e-11 1.715608060882871245e-09 0.000000000000000000e+00 2.989503592513669511e-12 6.698533865645329017e-11 0.000000000000000000e+00
1.600000000000000089e+00 1.882719060212791709e-11 1.586459453437981363e-09 0.000000000000000000e+00 2.040512299236461273e-12 6.316491371307746155e-11 0.000000000000000000e+00
1.625000000000000000e+00 1.774533964048424973e-11 1.463555944459647046e-09 0.000000000000000000e+00 1.481862806016216780e-12 5.981866034433887009e-11 0.000000000000000000e+00
1.650000000000000133e+00 1.679450281120093586e-11 1.342191288425910710e-09 0.000000000000000000e+00 1.459132165036115866e-12 5.693605251720841843e-11 0.000000000000000000e+00
1.675000000000000044e+00 1.561699952084731010e-11 1.229476568324706763e-09 0.000000000000000000e+00 1.362139250475774115e-12 5.451051411709425330e-11 0.000000000000000000e+00
1.700000000000000178e+00 1.438326683077894159e-11 1.130383864799271731e-09 0.000000000000000000e+00 1.199777975216253210e-12 5.204159829155692602e-11 0.000000000000000000e+00
1.725000000000000089e+00 1.491354842909897953e-11 1.037917651237332893e-09 0.000000000000000000e+00 1.251891740751824928e-12 4.906748685502675717e-11 0.000000000000000000e+00
1.750000000000000000e+00 1.571607112611623938e-11 9.574207051231119022e-10 0.000000000000000000e+00 1.351307073384513792e-12 4.491714750872776650e-11 0.000000000000000000e+00
1.775000000000000133e+00 1.705075749058213161e-11 8.815008641010007053e-10 0.000000000000000000e+00 1.359972165373641146e-12 3.855615300825885837e-11 0.000000000000000000e+00
1.800000000000000044e+00 1.770849305506156699e-11 8.126288787267331768e-10 0.000000000000000000e+00 1.211398619236744171e-12 3.860228571948980244e-11 0.000000000000000000e+00
1.825000000000000178e+00 1.643477922106485982e-11 7.534394819408563629e-10 0.000000000000000000e+00 1.225246511881102962e-12 3.890246216838767314e-11 0.000000000000000000e+00
1.850000000000000089e+00 1.516106538706816235e-11 7.043891262312901001e-10 0.000000000000000000e+00 1.345006160492136342e-12 3.810848878518580090e-11 0.000000000000000000e+00
1.875000000000000000e+00 1.439024717546359554e-11 6.570199474947502936e-10 0.000000000000000000e+00 1.395405268946598883e-12 3.637252244800246221e-11 0.000000000000000000e+00
1.900000000000000133e+00 1.445023059351249501e-11 6.108518729760805261e-10 0.000000000000000000e+00 1.433047463808045368e-12 3.241604827336979221e-11 0.000000000000000000e+00
1.925000000000000044e+00 1.463370274549384527e-11 5.717966316426680049e-10 0.000000000000000000e+00 1.413030322551705607e-12 2.754163797565829906e-11 0.000000000000000000e+00
1.950000000000000178e+00 1.495525609472864372e-11 5.361185208341209983e-10 0.000000000000000000e+00 1.375449237486719394e-12 2.734605145909503321e-11 0.000000000000000000e+00
1.975000000000000089e+00 1.439637579295767516e-11 4.990095998908600251e-10 0.000000000000000000e+00 1.260976112818106807e-12 2.715046494253177060e-11 0.000000000000000000e+00
2.000000000000000000e+00 1.277582636245839300e-11 4.614801819265026832e-10 0.000000000000000000e+00 1.134146202728610747e-12 2.432823261951539019e-11 0.000000000000000000e+00
2.024999999999999911e+00 1.155822302510870087e-11 4.323203282282742887e-10 0.000000000000000000e+00 1.231435551520895661e-12 2.124325527521304929e-11 0.000000000000000000e+00
2.050000000000000266e+00 1.053236266956499292e-11 4.044373284627901918e-10 0.000000000000000000e+00 1.426238798862519527e-12 2.081384503524719357e-11 0.000000000000000000e+00
2.075000000000000178e+00 1.007210196402545533e-11 3.793634244501044704e-10 0.000000000000000000e+00 1.553419174791999404e-12 2.062317585633496778e-11 0.000000000000000000e+00
2.100000000000000089e+00 9.760514252181423918e-12 3.545840774786563588e-10 0.000000000000000000e+00 1.364238061296006451e-12 1.713622020648189792e-11 0.000000000000000000e+00
2.125000000000000000e+00 9.594144726324905903e-12 3.328507266493470805e-10 0.000000000000000000e+00 1.182762997577100760e-12 1.301846824511495904e-11 0.000000000000000000e+00
2.149999999999999911e+00 9.441083588834829641e-12 3.117545519166153089e-10 0.000000000000000000e+00 1.022002180810865579e-12 1.291412640832934159e-11 0.000000000000000000e+00
2.175000000000000266e+00 9.246621853101770880e-12 2.942122447080080174e-10 0.000000000000000000e+00 8.972039143755213618e-13 1.274220406118263883e-11 0.000000000000000000e+00
2.200000000000000178e+00 8.693723703740433538e-12 2.764565519220693186e-10 0.000000000000000000e+00 7.843277606520497057e-13 1.054355570066648856e-11 0.000000000000000000e+00
2.225000000000000089e+00 7.974534635084321005e-12 2.580498077319703680e-10 0.000000000000000000e+00 8.074554520257523686e-13 8.551558242671940881e-12 0.000000000000000000e+00
2.250000000000000000e+00 7.255345566428208473e-12 2.411066637360497119e-10 0.000000000000000000e+00 8.319045972865200803e-13 8.898172653636049849e-12 0.000000000000000000e+00
2.274999999999999911e+00 6.690423213923622987e-12 2.269840119547669112e-10 0.000000000000000000e+00 9.780109241670207612e-13 9.244787064600158818e-12 0.000000000000000000e+00
2.300000000000000266e+00 6.924696126816774941e-12 2.149603321176702786e-10 0.000000000000000000e+00 1.149807799255768747e-12 8.518901302785670384e-12 0.000000000000000000e+00
2.325000000000000178e+00 6.972154664245378354e-12 2.056469034089293869e-10 0.000000000000000000e+00 1.156023453389383594e-12 7.502011580167098766e-12 0.000000000000000000e+00
2.350000000000000089e+00 6.662449788055973241e-12 1.974133224496847830e-10 0.000000000000000000e+00 1.095546251921210951e-12 6.348910750348494952e-12 0.000000000000000000e+00
2.375000000000000000e+00 6.352744911866568128e-12 1.901323493866901593e-10 0.000000000000000000e+00 9.472154917549192240e-13 5.277996184833150063e-12 0.000000000000000000e+00
2.400000000000000355e+00 5.982341620228990512e-12 1.830656593903760793e-10 0.000000000000000000e+00 7.403385308190230622e-13 5.460137107932124628e-12 0.000000000000000000e+00
2.425000000000000266e+00 5.124615311525091462e-12 1.761268955522069725e-10 0.000000000000000000e+00 6.850616310749574385e-13 5.593813216868797025e-12 0.000000000000000000e+00
2.450000000000000178e+00 4.765825755149182420e-12 1.702394415630175165e-10 0.000000000000000000e+00 6.460798296126287063e-13 5.221218475561014015e-12 0.000000000000000000e+00
2.475000000000000089e+00 4.917220207455168469e-12 1.647587112841028787e-10 0.000000000000000000e+00 5.867265358359153491e-13 4.848623734253231812e-12 0.000000000000000000e+00
2.500000000000000000e+00 5.200540164360645111e-12 1.546777404371515541e-10 0.000000000000000000e+00 5.239110242491106654e-13 3.857360129531913060e-12 0.000000000000000000e+00
2.525000000000000355e+00 5.572652422522524065e-12 1.435589988994269257e-10 0.000000000000000000e+00 5.010790470315864174e-13 3.014401348769548373e-12 0.000000000000000000e+00
2.550000000000000266e+00 5.827993666821879541e-12 1.424532751131829877e-10 0.000000000000000000e+00 4.782470698140626743e-13 3.350505158479355410e-12 0.000000000000000000e+00
2.575000000000000178e+00 5.675746745600729240e-12 1.423136421789443630e-10 0.000000000000000000e+00 4.561891520838720440e-13 3.686608968189162447e-12 0.000000000000000000e+00
2.600000000000000089e+00 5.490051180416615223e-12 1.394454656136991064e-10 0.000000000000000000e+00 4.343856378327458070e-13 3.277848930768642076e-12 0.000000000000000000e+00
2.625000000000000000e+00 5.205485513703335443e-12 1.361371660654002210e-10 0.000000000000000000e+00 3.945690412454292877e-13 2.745993926136042441e-12 0.000000000000000000e+00
2.650000000000000355e+00 4.920919846990050009e-12 1.288940791304032556e-10 0.000000000000000000e+00 3.971457719209139886e-13 2.397991875875326559e-12 0.000000000000000000e+00
2.675000000000000266e+00 4.576140118484503493e-12 1.223512181747880599e-10 0.000000000000000000e+00 4.967069933902441794e-13 2.061649562792342870e-12 0.000000000000000000e+00
2.700000000000000178e+00 4.181468859581216169e-12 1.186911987239263832e-10 0.000000000000000000e+00 5.962682148595743198e-13 1.815989109252116434e-12 0.000000000000000000e+00
2.725000000000000089e+00 3.876201643317287122e-12 1.157137877127845345e-10 0.000000000000000000e+00 5.951941089011787481e-13 1.570328655711889998e-12 0.000000000000000000e+00
2.750000000000000000e+00 3.604253442895834522e-12 1.144050122072511609e-10 0.000000000000000000e+00 5.741377171906916531e-13 1.567358810646619462e-12 0.000000000000000000e+00
2.775000000000000355e+00 3.443656095952742245e-12 1.124886056219894078e-10 0.000000000000000000e+00 5.043877937801177483e-13 1.603042891107801005e-12 0.000000000000000000e+00
2.800000000000000266e+00 3.484528097572993528e-12 1.096026359671205122e-10 0.000000000000000000e+00 4.298295991379074769e-13 1.272262858735957546e-12 0.000000000000000000e+00
2.825000000000000178e+00 3.646999742096766620e-12 1.066709635998377746e-10 0.000000000000000000e+00 4.330568802816387729e-13 9.254916557594821738e-13 0.000000000000000000e+00
2.850000000000000089e+00 3.938266781975514036e-12 1.036898125603975984e-10 0.000000000000000000e+00 4.495559217431727079e-13 7.561847619423122841e-13 0.000000000000000000e+00
2.875000000000000000e+00 3.847124992823164848e-12 1.024256305062027139e-10 0.000000000000000000e+00 4.723263785248918411e-13 5.874526850736960179e-13 0.000000000000000000e+00
2.900000000000000355e+00 3.583295263117643384e-12 1.024301905470378506e-10 0.000000000000000000e+00 4.974589122259186326e-13 5.875284375772175206e-13 0.000000000000000000e+00
2.925000000000000266e+00 3.320301362610447067e-12 1.000662064105886654e-10 0.000000000000000000e+00 5.323276193733757630e-13 5.998144054675124496e-13 0.000000000000000000e+00
2.950000000000000178e+00 3.060056747001429012e-12 9.653581160534371208e-11 0.000000000000000000e+00 5.612149699375258413e-13 6.805589065292826652e-13 0.000000000000000000e+00
2.975000000000000089e+00 0.000000000000000000e+00 9.323423040013994547e-11 0.000000000000000000e+00 5.754780909190582608e-13 0.000000000000000000e+00 0.000000000000000000e+00
3.000000000000000000e+00 0.000000000000000000e+00 0.000000000000000000e+00 0.000000000000000000e+00 0.000000000000000000e+00 0.000000000000000000e+00 0.000000000000000000e+00
