  0.096785    0.070936    0.051384    0.053318    0.046740    0.037201    0.022136    0.015213    0.012085    0.009138   -0.007606    0.018479    0.028057    0.032477    0.022186    0.027039    0.029500    0.027788    0.021887    0.013896    0.015652    0.012521    0.040136    0.035267    0.025343    0.019462    0.014297    0.011341    0.006632    0.004458  
  0.070936    0.066826    0.047007    0.046862    0.043644    0.037612    0.024722    0.019213    0.017473    0.013477    0.001140    0.014957    0.024392    0.027811    0.020646    0.023945    0.027345    0.024894    0.020705    0.016064    0.014720    0.012421    0.035568    0.032707    0.026049    0.022199    0.018821    0.016845    0.012666    0.010423  
  0.051384    0.047007    0.043901    0.039100    0.037222    0.033234    0.026997    0.024393    0.023069    0.021380    0.015698    0.011039    0.018123    0.021727    0.020946    0.022572    0.026220    0.024063    0.024513    0.020826    0.021188    0.018422    0.032289    0.031023    0.027183    0.025087    0.023064    0.022378    0.020603    0.019157  
  0.053318    0.046862    0.039100    0.047582    0.039688    0.035534    0.027438    0.025112    0.024472    0.022398    0.010898    0.012341    0.017981    0.022511    0.017669    0.023231    0.026268    0.025379    0.027715    0.016896    0.019583    0.020218    0.030696    0.030798    0.027286    0.025589    0.023951    0.022339    0.019589    0.017556  
  0.046740    0.043644    0.037222    0.039688    0.040127    0.035822    0.029446    0.027779    0.027759    0.026052    0.019390    0.009716    0.015855    0.020985    0.017921    0.023726    0.026580    0.024995    0.025079    0.021680    0.022863    0.021143    0.029025    0.029957    0.028017    0.027173    0.026429    0.025370    0.023762    0.022559  
  0.037201    0.037612    0.033234    0.035534    0.035822    0.037023    0.030544    0.030442    0.031411    0.029643    0.024016    0.008765    0.014226    0.019409    0.016092    0.022922    0.026119    0.024477    0.025985    0.022651    0.022977    0.022274    0.026602    0.028582    0.028564    0.028883    0.029274    0.028552    0.027092    0.026988  
  0.022136    0.024722    0.026997    0.027438    0.029446    0.030544    0.035338    0.035656    0.036511    0.035841    0.038562    0.005342    0.009889    0.011422    0.019531    0.020982    0.022912    0.023082    0.026288    0.027615    0.026631    0.027427    0.024112    0.027149    0.029463    0.031503    0.032765    0.033897    0.035002    0.035608  
  0.015213    0.019213    0.024393    0.025112    0.027779    0.030442    0.035656    0.041808    0.040583    0.041967    0.046577    0.003131    0.007180    0.009955    0.019487    0.021241    0.023377    0.023212    0.027736    0.029174    0.029743    0.029726    0.022455    0.026459    0.030293    0.033734    0.036140    0.038102    0.039885    0.040964  
  0.012085    0.017473    0.023069    0.024472    0.027759    0.031411    0.036511    0.040583    0.048371    0.045302    0.050765    0.001595    0.006107    0.011037    0.018150    0.022306    0.023176    0.025317    0.029607    0.029896    0.030521    0.028736    0.020777    0.025422    0.030490    0.034757    0.039248    0.041104    0.043778    0.044666  
  0.009138    0.013477    0.021380    0.022398    0.026052    0.029643    0.035841    0.041967    0.045302    0.056135    0.059397    0.001276    0.006916    0.008517    0.018078    0.021239    0.023457    0.023073    0.029870    0.030599    0.032241    0.033051    0.020371    0.024998    0.030413    0.035174    0.040626    0.045388    0.049555    0.050604  
 -0.007606    0.001140    0.015698    0.010898    0.019390    0.024016    0.038562    0.046577    0.050765    0.059397    0.086367   -0.003877   -0.001692    0.000063    0.020609    0.021639    0.021969    0.021332    0.030384    0.039328    0.037477    0.037631    0.017685    0.022471    0.029706    0.035968    0.043080    0.051768    0.060214    0.062962  
  0.018479    0.014957    0.011039    0.012341    0.009716    0.008765    0.005342    0.003131    0.001595    0.001276   -0.003877    0.024771    0.012078    0.010476    0.004667    0.001911    0.003748    0.004566    0.001585    0.002866    0.003229    0.002948    0.009907    0.009341    0.007704    0.006632    0.005108    0.003852    0.001333    0.000883  
  0.028057    0.024392    0.018123    0.017981    0.015855    0.014226    0.009889    0.007180    0.006107    0.006916   -0.001692    0.012078    0.035035    0.014850    0.010479    0.005552    0.009657    0.010537    0.010741    0.004065    0.007350    0.007926    0.014239    0.013342    0.010855    0.009442    0.007771    0.006059    0.003269    0.002326  
  0.032477    0.027811    0.021727    0.022511    0.020985    0.019409    0.011422    0.009955    0.011037    0.008517    0.000063    0.010476    0.014850    0.035024    0.007130    0.015642    0.015330    0.016189    0.012524    0.009559    0.009931    0.009730    0.016096    0.015899    0.013395    0.011885    0.010703    0.008658    0.005182    0.005373  
  0.022186    0.020646    0.020946    0.017669    0.017921    0.016092    0.019531    0.019487    0.018150    0.018078    0.020609    0.004667    0.010479    0.007130    0.048216    0.016573    0.019330    0.019743    0.018487    0.023862    0.022450    0.018787    0.019163    0.018642    0.017788    0.017603    0.016377    0.017119    0.017122    0.017262  
  0.027039    0.023945    0.022572    0.023231    0.023726    0.022922    0.020982    0.021241    0.022306    0.021239    0.021639    0.001911    0.005552    0.015642    0.016573    0.050317    0.023576    0.022172    0.021769    0.021570    0.021470    0.017961    0.019251    0.019399    0.018585    0.018399    0.018295    0.019065    0.019804    0.020366  
  0.029500    0.027345    0.026220    0.026268    0.026580    0.026119    0.022912    0.023377    0.023176    0.023457    0.021969    0.003748    0.009657    0.015330    0.019330    0.023576    0.059540    0.027283    0.032438    0.024905    0.022653    0.023497    0.021779    0.022094    0.021275    0.021359    0.021234    0.021649    0.022508    0.022847  
  0.027788    0.024894    0.024063    0.025379    0.024995    0.024477    0.023082    0.023212    0.025317    0.023073    0.021332    0.004566    0.010537    0.016189    0.019743    0.022172    0.027283    0.058567    0.030467    0.027991    0.026170    0.026942    0.021088    0.022238    0.022230    0.022409    0.022911    0.022442    0.022182    0.023666  
  0.021887    0.020705    0.024513    0.027715    0.025079    0.025985    0.026288    0.027736    0.029607    0.029870    0.030384    0.001585    0.010741    0.012524    0.018487    0.021769    0.032438    0.030467    0.067176    0.027638    0.030164    0.034680    0.020808    0.022260    0.023068    0.023983    0.024875    0.026346    0.027439    0.029810  
  0.013896    0.016064    0.020826    0.016896    0.021680    0.022651    0.027615    0.029174    0.029896    0.030599    0.039328    0.002866    0.004065    0.009559    0.023862    0.021570    0.024905    0.027991    0.027638    0.078177    0.037650    0.035397    0.019306    0.021254    0.023607    0.025494    0.026195    0.027959    0.030160    0.031961  
  0.015652    0.014720    0.021188    0.019583    0.022863    0.022977    0.026631    0.029743    0.030521    0.032241    0.037477    0.003229    0.007350    0.009931    0.022450    0.021470    0.022653    0.026170    0.030164    0.037650    0.080867    0.046295    0.018601    0.021956    0.024433    0.026412    0.027528    0.029106    0.030384    0.032806  
  0.012521    0.012421    0.018422    0.020218    0.021143    0.022274    0.027427    0.029726    0.028736    0.033051    0.037631    0.002948    0.007926    0.009730    0.018787    0.017961    0.023497    0.026942    0.034680    0.035397    0.046295    0.075225    0.019107    0.021752    0.024791    0.027187    0.028127    0.030533    0.032033    0.034683  
  0.040136    0.035568    0.032289    0.030696    0.029025    0.026602    0.024112    0.022455    0.020777    0.020371    0.017685    0.009907    0.014239    0.016096    0.019163    0.019251    0.021779    0.021088    0.020808    0.019306    0.018601    0.019107    0.034877    0.029768    0.025339    0.022989    0.020837    0.020934    0.019937    0.019947  
  0.035267    0.032707    0.031023    0.030798    0.029957    0.028582    0.027149    0.026459    0.025422    0.024998    0.022471    0.009341    0.013342    0.015899    0.018642    0.019399    0.022094    0.022238    0.022260    0.021254    0.021956    0.021752    0.029768    0.028776    0.026793    0.026015    0.025045    0.025099    0.024327    0.024503  
  0.025343    0.026049    0.027183    0.027286    0.028017    0.028564    0.029463    0.030293    0.030490    0.030413    0.029706    0.007704    0.010855    0.013395    0.017788    0.018585    0.021275    0.022230    0.023068    0.023607    0.024433    0.024791    0.025339    0.026793    0.027940    0.028918    0.029567    0.029847    0.029950    0.030595  
  0.019462    0.022199    0.025087    0.025589    0.027173    0.028883    0.031503    0.033734    0.034757    0.035174    0.035968    0.006632    0.009442    0.011885    0.017603    0.018399    0.021359    0.022409    0.023983    0.025494    0.026412    0.027187    0.022989    0.026015    0.028918    0.031556    0.033278    0.034050    0.034995    0.035916  
  0.014297    0.018821    0.023064    0.023951    0.026429    0.029274    0.032765    0.036140    0.039248    0.040626    0.043080    0.005108    0.007771    0.010703    0.016377    0.018295    0.021234    0.022911    0.024875    0.026195    0.027528    0.028127    0.020837    0.025045    0.029567    0.033278    0.037607    0.039062    0.041071    0.042186  
  0.011341    0.016845    0.022378    0.022339    0.025370    0.028552    0.033897    0.038102    0.041104    0.045388    0.051768    0.003852    0.006059    0.008658    0.017119    0.019065    0.021649    0.022442    0.026346    0.027959    0.029106    0.030533    0.020934    0.025099    0.029847    0.034050    0.039062    0.044052    0.047492    0.048822  
  0.006632    0.012666    0.020603    0.019589    0.023762    0.027092    0.035002    0.039885    0.043778    0.049555    0.060214    0.001333    0.003269    0.005182    0.017122    0.019804    0.022508    0.022182    0.027439    0.030160    0.030384    0.032033    0.019937    0.024327    0.029950    0.034995    0.041071    0.047492    0.055334    0.056558  
  0.004458    0.010423    0.019157    0.017556    0.022559    0.026988    0.035608    0.040964    0.044666    0.050604    0.062962    0.000883    0.002326    0.005373    0.017262    0.020366    0.022847    0.023666    0.029810    0.031961    0.032806    0.034683    0.019947    0.024503    0.030595    0.035916    0.042186    0.048822    0.056558    0.064754  