      0.160673      0.099822      0.065064      0.071035      0.055074      0.046925      0.029929      0.024362      0.009764      0.011940      0.006055      0.028301      0.033962      0.033758      0.012378      0.025098      0.008952      0.029163      0.007065      0.012562      0.032089      0.015287      0.043913      0.036971      0.024997      0.018916      0.011764      0.009178      0.005722     -0.001228
      0.099822      0.116393      0.056216      0.064306      0.049963      0.048865      0.037925      0.027480      0.016748      0.009337      0.009797      0.024711      0.032370      0.031372      0.023207      0.014180      0.017372      0.025910      0.015932      0.002045      0.024159      0.012724      0.039046      0.035021      0.027937      0.023393      0.019986      0.017557      0.013905      0.006179
      0.065064      0.056216      0.067309      0.048292      0.046349      0.041463      0.035054      0.035271      0.029730      0.029104      0.026196      0.011538      0.020331      0.021004      0.021358      0.026082      0.017574      0.025890      0.018278      0.022389      0.032082      0.013092      0.035108      0.033096      0.028775      0.026451      0.024035      0.023372      0.022949      0.020447
      0.071035      0.064306      0.048292      0.076106      0.043967      0.047604      0.038513      0.034531      0.030426      0.027376      0.021056      0.024549      0.026004      0.030251      0.018404      0.024411      0.017447      0.030382      0.016485      0.008648      0.043735      0.014950      0.034264      0.033737      0.028968      0.026642      0.024344      0.022105      0.018338      0.017662
      0.055074      0.049963      0.046349      0.043967      0.061943      0.049710      0.038535      0.038153      0.035312      0.035577      0.031005      0.018336      0.020289      0.024929      0.019440      0.025019      0.026569      0.022701      0.024440      0.021350      0.035676      0.020159      0.032034      0.032597      0.030072      0.029018      0.028971      0.027195      0.026431      0.025926
      0.046925      0.048865      0.041463      0.047604      0.049710      0.067029      0.045599      0.043711      0.038269      0.042749      0.035824      0.014051      0.016558      0.028361      0.022509      0.020798      0.027430      0.026457      0.021888      0.024958      0.043186      0.019434      0.029212      0.031284      0.030996      0.031044      0.032086      0.030227      0.030419      0.028671
      0.029929      0.037925      0.035054      0.038513      0.038535      0.045599      0.058173      0.047326      0.043944      0.047604      0.047639      0.011030      0.011734      0.022763      0.017955      0.018083      0.022903      0.024507      0.025463      0.026894      0.032593      0.032208      0.027818      0.030458      0.032649      0.034518      0.036196      0.035850      0.036940      0.037292
      0.024362      0.027480      0.035271      0.034531      0.038153      0.043711      0.047326      0.061997      0.049724      0.054728      0.059307      0.011458      0.016591      0.022508      0.024176      0.025743      0.026769      0.025799      0.030214      0.034159      0.042870      0.029442      0.025987      0.029733      0.032963      0.036464      0.038788      0.039340      0.041858      0.042425
      0.009764      0.016748      0.029730      0.030426      0.035312      0.038269      0.043944      0.049724      0.073250      0.057323      0.060800      0.006968      0.010475      0.013156      0.024118      0.023634      0.026321      0.027583      0.026720      0.026276      0.042845      0.027537      0.021977      0.027020      0.031672      0.036336      0.041416      0.043852      0.046202      0.047982
      0.011940      0.009337      0.029104      0.027376      0.035577      0.042749      0.047604      0.054728      0.057323      0.103984      0.076433      0.009976      0.008229      0.012006      0.015123      0.020778      0.024539      0.013061      0.025461      0.039086      0.032503      0.038872      0.022056      0.027202      0.032048      0.037116      0.043425      0.046892      0.050697      0.052616
      0.006055      0.009797      0.026196      0.021056      0.031005      0.035824      0.047639      0.059307      0.060800      0.076433      0.125424      0.001004      0.003874      0.009272      0.026496      0.031074      0.028746      0.015113      0.038837      0.040651      0.035343      0.032035      0.021461      0.025965      0.032614      0.039746      0.048463      0.055791      0.064403      0.065506
      0.028301      0.024711      0.011538      0.024549      0.018336      0.014051      0.011030      0.011458      0.006968      0.009976      0.001004      0.083431      0.025594      0.024758      0.008607      0.012167      0.008153      0.002225      0.001315     -0.001612      0.015269      0.002862      0.012170      0.012075      0.009421      0.008407      0.005998      0.004673      0.001242      0.004251
      0.033962      0.032370      0.020331      0.026004      0.020289      0.016558      0.011734      0.016591      0.010475      0.008229      0.003874      0.025594      0.102781      0.020609      0.007136      0.015333      0.012507      0.015607     -0.003943     -0.005136      0.018362      0.010427      0.015642      0.014584      0.011852      0.011479      0.010875      0.009276      0.007227      0.009186
      0.033758      0.031372      0.021004      0.030251      0.024929      0.028361      0.022763      0.022508      0.013156      0.012006      0.009272      0.024758      0.020609      0.088032      0.009551      0.018981      0.019081      0.018356      0.019316      0.007330      0.047832      0.013952      0.018090      0.018237      0.016094      0.014879      0.014078      0.011884      0.006709      0.006200
      0.012378      0.023207      0.021358      0.018404      0.019440      0.022509      0.017955      0.024176      0.024118      0.015123      0.026496      0.008607      0.007136      0.009551      0.136214      0.024497      0.036541      0.033510      0.037296      0.026922      0.033186      0.026602      0.021307      0.020729      0.021292      0.021027      0.019982      0.023095      0.025275      0.026159
      0.025098      0.014180      0.026082      0.024411      0.025019      0.020798      0.018083      0.025743      0.023634      0.020778      0.031074      0.012167      0.015333      0.018981      0.024497      0.102514      0.023703      0.028275      0.026030      0.032580      0.039089      0.021087      0.019062      0.019578      0.019455      0.018807      0.019696      0.020359      0.021455      0.023501
      0.008952      0.017372      0.017574      0.017447      0.026569      0.027430      0.022903      0.026769      0.026321      0.024539      0.028746      0.008153      0.012507      0.019081      0.036541      0.023703      0.121829      0.035227      0.032051      0.033124      0.029278      0.022584      0.021149      0.022910      0.023300      0.025173      0.025098      0.028639      0.029056      0.033208
      0.029163      0.025910      0.025890      0.030382      0.022701      0.026457      0.024507      0.025799      0.027583      0.013061      0.015113      0.002225      0.015607      0.018356      0.033510      0.028275      0.035227      0.124197      0.032597      0.041358      0.051517      0.028948      0.023705      0.024748      0.024770      0.025320      0.026102      0.026098      0.027256      0.029615
      0.007065      0.015932      0.018278      0.016485      0.024440      0.021888      0.025463      0.030214      0.026720      0.025461      0.038837      0.001315     -0.003943      0.019316      0.037296      0.026030      0.032051      0.032597      0.126634      0.040185      0.027622      0.044277      0.020321      0.021822      0.024802      0.026699      0.028033      0.030582      0.032647      0.039005
      0.012562      0.002045      0.022389      0.008648      0.021350      0.024958      0.026894      0.034159      0.026276      0.039086      0.040651     -0.001612     -0.005136      0.007330      0.026922      0.032580      0.033124      0.041358      0.040185      0.184415      0.056358      0.043753      0.018494      0.021056      0.023082      0.024757      0.025523      0.028355      0.031797      0.038612
      0.032089      0.024159      0.032082      0.043735      0.035676      0.043186      0.032593      0.042870      0.042845      0.032503      0.035343      0.015269      0.018362      0.047832      0.033186      0.039089      0.029278      0.051517      0.027622      0.056358      0.257812      0.041560      0.023240      0.026027      0.025611      0.026630      0.025784      0.023934      0.022032      0.021998
      0.015287      0.012724      0.013092      0.014950      0.020159      0.019434      0.032208      0.029442      0.027537      0.038872      0.032035      0.002862      0.010427      0.013952      0.026602      0.021087      0.022584      0.028948      0.044277      0.043753      0.041560      0.138649      0.019983      0.022266      0.024376      0.026734      0.027385      0.028493      0.030024      0.035276
      0.043913      0.039046      0.035108      0.034264      0.032034      0.029212      0.027818      0.025987      0.021977      0.022056      0.021461      0.012170      0.015642      0.018090      0.021307      0.019062      0.021149      0.023705      0.020321      0.018494      0.023240      0.019983      0.036717      0.031410      0.026890      0.024698      0.022588      0.022622      0.022415      0.022469
      0.036971      0.035021      0.033096      0.033737      0.032597      0.031284      0.030458      0.029733      0.027020      0.027202      0.025965      0.012075      0.014584      0.018237      0.020729      0.019578      0.022910      0.024748      0.021822      0.021056      0.026027      0.022266      0.031410      0.030559      0.028165      0.027517      0.026639      0.026626      0.026851      0.027557
      0.024997      0.027937      0.028775      0.028968      0.030072      0.030996      0.032649      0.032963      0.031672      0.032048      0.032614      0.009421      0.011852      0.016094      0.021292      0.019455      0.023300      0.024770      0.024802      0.023082      0.025611      0.024376      0.026890      0.028165      0.029217      0.029970      0.030770      0.031150      0.032121      0.033422
      0.018916      0.023393      0.026451      0.026642      0.029018      0.031044      0.034518      0.036464      0.036336      0.037116      0.039746      0.008407      0.011479      0.014879      0.021027      0.018807      0.025173      0.025320      0.026699      0.024757      0.026630      0.026734      0.024698      0.027517      0.029970      0.033091      0.034715      0.035384      0.037525      0.039199
      0.011764      0.019986      0.024035      0.024344      0.028971      0.032086      0.036196      0.038788      0.041416      0.043425      0.048463      0.005998      0.010875      0.014078      0.019982      0.019696      0.025098      0.026102      0.028033      0.025523      0.025784      0.027385      0.022588      0.026639      0.030770      0.034715      0.040539      0.041439      0.044595      0.047466
      0.009178      0.017557      0.023372      0.022105      0.027195      0.030227      0.035850      0.039340      0.043852      0.046892      0.055791      0.004673      0.009276      0.011884      0.023095      0.020359      0.028639      0.026098      0.030582      0.028355      0.023934      0.028493      0.022622      0.026626      0.031150      0.035384      0.041439      0.048532      0.052172      0.055189
      0.005722      0.013905      0.022949      0.018338      0.026431      0.030419      0.036940      0.041858      0.046202      0.050697      0.064403      0.001242      0.007227      0.006709      0.025275      0.021455      0.029056      0.027256      0.032647      0.031797      0.022032      0.030024      0.022415      0.026851      0.032121      0.037525      0.044595      0.052172      0.063739      0.065046
     -0.001228      0.006179      0.020447      0.017662      0.025926      0.028671      0.037292      0.042425      0.047982      0.052616      0.065506      0.004251      0.009186      0.006200      0.026159      0.023501      0.033208      0.029615      0.039005      0.038612      0.021998      0.035276      0.022469      0.027557      0.033422      0.039199      0.047466      0.055189      0.065046      0.083196
