  0.022458056372734975  0.013913451759033347  0.008728161873078484  0.004812928579710976  0.001262876112467058 -0.002642271291238837 -0.005731591655544625 -0.007978525295909982 -0.011275017042778002 -0.014050872428437011 -0.015761211393455387 -0.018462824042493782 -0.019330397422213638 -0.020582310656380332 -0.023052227349656285 -0.026349551054741557
  0.013913451759033347  0.009742216755610178  0.006665837486564883  0.003898351942936417  0.001362977221373219 -0.001374066629753178 -0.003740361564462956 -0.005476065064652450 -0.007987572530751786 -0.010215534798452103 -0.011802162403718459 -0.013870981073362942 -0.014920667430125392 -0.016128213553301494 -0.018076782869944366 -0.021052547827075843
  0.008728161873078484  0.006665837486564883  0.005068213088849418  0.003216031935918371  0.001348632518164222 -0.000649106225041309 -0.002353704497535363 -0.003824323447593636 -0.005703245301323157 -0.007555725767261564 -0.009053325791400639 -0.010546789696011831 -0.011463816864363614 -0.012469422359672463 -0.014030372844554396 -0.016686644408445007
  0.004812928579710976  0.003898351942936417  0.003216031935918371  0.002298598638735051  0.001161559653766762 -0.000084736547942205 -0.001151703553103757 -0.002271570060668196 -0.003508492166618399 -0.004860118622553648 -0.006103471180365210 -0.007170481633746714 -0.008021270574366702 -0.008902737485144955 -0.010126291825614314 -0.011979741565343996
  0.001262876112467058  0.001362977221373219  0.001348632518164222  0.001161559653766762  0.000848809877046945  0.000364501977651465 -0.000115268418636700 -0.000720802491450919 -0.001353900486156480 -0.002115328059552303 -0.002926584183906492 -0.003659917827084459 -0.004383502064774065 -0.005090257788840040 -0.005866526675623294 -0.006794094538223200
 -0.002642271291238837 -0.001374066629753178 -0.000649106225041309 -0.000084736547942205  0.000364501977651465  0.000825666901882794  0.000992444233316677  0.000892841838353545  0.001025975088493014  0.000945329810695684  0.000581768042834314  0.000377818384571311 -0.000123839513446000 -0.000698803119673570 -0.000918100854802830 -0.000895320353682925
 -0.005731591655544625 -0.003740361564462956 -0.002353704497535363 -0.001151703553103757 -0.000115268418636700  0.000992444233316677  0.001897819788905477  0.002229076582329490  0.003006706266996380  0.003514073119466113  0.003628297878310755  0.003991506414745390  0.003872582966839415  0.003730249613639889  0.004098974251702052  0.004874116068693646
 -0.007978525295909982 -0.005476065064652450 -0.003824323447593636 -0.002271570060668196 -0.000720802491450919  0.000892841838353545  0.002229076582329490  0.003442003213583321  0.004656784064594610  0.005845771103242641  0.006694841807517097  0.007510352096742968  0.007733062643888693  0.008128137769987285  0.009022309550224655  0.010703686770674143
 -0.011275017042778002 -0.007987572530751786 -0.005703245301323157 -0.003508492166618399 -0.001353900486156480  0.001025975088493014  0.003006706266996380  0.004656784064594610  0.006869217368581178  0.008836189800420592  0.010246811627308469  0.011845187962588511  0.012629990050607370  0.013509199216807249  0.015126034300052724  0.017788820505497630
 -0.014050872428437011 -0.010215534798452103 -0.007555725767261564 -0.004860118622553648 -0.002115328059552303  0.000945329810695684  0.003514073119466113  0.005845771103242641  0.008836189800420592  0.011812613128554928  0.014089100733515403  0.016364005356994307  0.017683483926726039  0.019202175607105229  0.021606752515173792  0.025500054629765005
 -0.015761211393455387 -0.011802162403718459 -0.009053325791400639 -0.006103471180365210 -0.002926584183906492  0.000581768042834314  0.003628297878310755  0.006694841807517097  0.010246811627308469  0.014089100733515403  0.017467738960280334  0.020516896293987865  0.022547652664005075  0.024980373962085342  0.028220301506597614  0.033146029326006819
 -0.018462824042493782 -0.013870981073362942 -0.010546789696011831 -0.007170481633746714 -0.003659917827084459  0.000377818384571311  0.003991506414745390  0.007510352096742968  0.011845187962588511  0.016364005356994307  0.020516896293987865  0.025085385280259210  0.028237016446439354  0.031705005146382276  0.035786339755673621  0.041365188095073877
 -0.019330397422213638 -0.014920667430125392 -0.011463816864363614 -0.008021270574366702 -0.004383502064774065 -0.000123839513446000  0.003872582966839415  0.007733062643888693  0.012629990050607370  0.017683483926726039  0.022547652664005075  0.028237016446439354  0.033004836927019603  0.037579224989223732  0.042795832876159498  0.048674324398160461
 -0.020582310656380332 -0.016128213553301494 -0.012469422359672463 -0.008902737485144955 -0.005090257788840040 -0.000698803119673570  0.003730249613639889  0.008128137769987285  0.013509199216807249  0.019202175607105229  0.024980373962085342  0.031705005146382276  0.037579224989223732  0.044058698815722580  0.050297341335718108  0.057165145458249494
 -0.023052227349656285 -0.018076782869944366 -0.014030372844554396 -0.010126291825614314 -0.005866526675623294 -0.000918100854802830  0.004098974251702052  0.009022309550224655  0.015126034300052724  0.021606752515173792  0.028220301506597614  0.035786339755673621  0.042795832876159498  0.050297341335718108  0.058563292577039884  0.066622885549196861
 -0.026349551054741557 -0.021052547827075843 -0.016686644408445007 -0.011979741565343996 -0.006794094538223200 -0.000895320353682925  0.004874116068693646  0.010703686770674143  0.017788820505497630  0.025500054629765005  0.033146029326006819  0.041365188095073877  0.048674324398160461  0.057165145458249494  0.066622885549196861  0.078556313617634446
